2021-01-24 19:07:43.148202 [net info] loaded configuration from hotstuff.conf
2021-01-24 19:07:43.148391 [net info] loading extra configuration from ./hotstuff-sec2.conf
2021-01-24 19:07:43.151416 [hotstuff proto] Proposed block size : 0
2021-01-24 19:07:43.159632 [net info] starting all threads...
2021-01-24 19:07:43.159905 [net info] listening to 10002
2021-01-24 19:07:43.165314 [net info] accepted <Conn fd=54 addr=<NetAddr 127.0.0.1:59118> mode=passive>
2021-01-24 19:07:43.165865 [net info] starting all threads...
2021-01-24 19:07:43.166181 [net info] listening to 20002
2021-01-24 19:07:43.166406 [hotstuff info] ** starting the system with parameters **
2021-01-24 19:07:43.166436 [hotstuff info] blk_size = 3
2021-01-24 19:07:43.166451 [hotstuff info] conns = 0
2021-01-24 19:07:43.166464 [hotstuff info] ** starting the event loop...
2021-01-24 19:07:43.167096 [hotstuff proto] Pacemaker: stop rotation at 0
2021-01-24 19:07:43.171160 [net info] created <Conn fd=128 addr=<NetAddr 127.0.0.1:10000> mode=active>
2021-01-24 19:07:43.171623 [net info] created <Conn fd=131 addr=<NetAddr 127.0.0.1:10001> mode=active>
2021-01-24 19:07:43.172011 [net info] created <Conn fd=134 addr=<NetAddr 127.0.0.1:10003> mode=active>
2021-01-24 19:07:43.172341 [net info] accepted <Conn fd=137 addr=<NetAddr 127.0.0.1:59121> mode=passive>
2021-01-24 19:07:43.172400 [net info] connected to remote <Conn fd=128 addr=<NetAddr 127.0.0.1:10000> mode=active>
2021-01-24 19:07:43.172429 [net info] connected to remote <Conn fd=131 addr=<NetAddr 127.0.0.1:10001> mode=active>
2021-01-24 19:07:43.172464 [net info] connected to remote <Conn fd=134 addr=<NetAddr 127.0.0.1:10003> mode=active>
2021-01-24 19:07:43.183071 [net info] 065b010aed: setup connection <Conn fd=128 addr=<NetAddr 127.0.0.1:10000> mode=active>
2021-01-24 19:07:43.183162 [net info] 065b010aed: setup connection <Conn fd=54 addr=<NetAddr 127.0.0.1:59118> mode=passive>
2021-01-24 19:07:43.183191 [net info] 065b010aed: setup connection <Conn fd=134 addr=<NetAddr 127.0.0.1:10003> mode=active>
2021-01-24 19:07:43.184028 [net info] 065b010aed: setup connection <Conn fd=137 addr=<NetAddr 127.0.0.1:59121> mode=passive>
2021-01-24 19:07:43.184427 [net info] 065b010aed: lost connection <Conn fd=54 addr=<NetAddr 127.0.0.1:59118> mode=passive>
2021-01-24 19:07:43.184542 [net info] 065b010aed: lost connection <Conn fd=137 addr=<NetAddr 127.0.0.1:59121> mode=passive>
2021-01-24 19:07:43.188342 [net info] accepted <Conn fd=54 addr=<NetAddr 127.0.0.1:59128> mode=passive>
2021-01-24 19:07:43.188394 [net info] 065b010aed: setup connection <Conn fd=131 addr=<NetAddr 127.0.0.1:10001> mode=active>
2021-01-24 19:07:43.188668 [net info] established 065b010aed <---> 542865a568 (via <Conn fd=128 addr=<NetAddr 127.0.0.1:10000> mode=active>)
2021-01-24 19:07:43.191138 [net info] 065b010aed: ping from <Conn fd=128 addr=<NetAddr 127.0.0.1:10000> mode=active>
2021-01-24 19:07:43.191254 [net info] established 065b010aed <---> 6540a0fea6 (via <Conn fd=134 addr=<NetAddr 127.0.0.1:10003> mode=active>)
2021-01-24 19:07:43.191516 [net info] 065b010aed: ping from <Conn fd=134 addr=<NetAddr 127.0.0.1:10003> mode=active>
2021-01-24 19:07:43.192920 [net info] established 065b010aed <---> c261250345 (via <Conn fd=131 addr=<NetAddr 127.0.0.1:10001> mode=active>)
2021-01-24 19:07:43.192957 [net info] 065b010aed: ping from <Conn fd=131 addr=<NetAddr 127.0.0.1:10001> mode=active>
2021-01-24 19:07:43.195131 [net info] 065b010aed: setup connection <Conn fd=54 addr=<NetAddr 127.0.0.1:59128> mode=passive>
2021-01-24 19:07:43.196951 [net info] 065b010aed: lost connection <Conn fd=134 addr=<NetAddr 127.0.0.1:10003> mode=active>
2021-01-24 19:07:43.196990 [net info] ended 065b010aed <-/-> 6540a0fea6 (via <Conn fd=134 addr=<NetAddr 127.0.0.1:10003> mode=active>)
2021-01-24 19:07:43.197194 [net info] established 065b010aed <---> 6540a0fea6 (via <Conn fd=54 addr=<NetAddr 127.0.0.1:59128> mode=passive>)
2021-01-24 19:07:43.197916 [net info] 065b010aed: ping from <Conn fd=54 addr=<NetAddr 127.0.0.1:59128> mode=passive>
2021-01-24 19:07:48.143412 [net info] accepted <Conn fd=113 addr=<NetAddr 127.0.0.1:59131> mode=passive>
2021-01-24 19:07:48.170594 [hotstuff proto] Adding command af5570f5a1 to storage
2021-01-24 19:07:48.170664 [hotstuff proto] Adding command 01acecb507 to storage
2021-01-24 19:07:48.170700 [hotstuff proto] Adding command 2fcd151b82 to storage
2021-01-24 19:07:48.170737 [hotstuff proto] Adding command 9ae4c9d086 to storage
2021-01-24 19:07:48.170768 [hotstuff proto] Adding command 1b03ab083d to storage
2021-01-24 19:07:48.170804 [hotstuff proto] Adding command 2be2196b9c to storage
2021-01-24 19:07:48.170836 [hotstuff proto] Adding command 20aef0af2b to storage
2021-01-24 19:07:48.170867 [hotstuff proto] Adding command 4e65285e65 to storage
2021-01-24 19:07:48.170903 [hotstuff proto] Adding command 7b742c398b to storage
2021-01-24 19:07:48.170937 [hotstuff proto] Adding command d8e0873e07 to storage
2021-01-24 19:07:48.170966 [hotstuff proto] Adding command dd73a46975 to storage
2021-01-24 19:07:48.170997 [hotstuff proto] Adding command f1d6ff0821 to storage
2021-01-24 19:07:48.171028 [hotstuff proto] Adding command 930abd7018 to storage
2021-01-24 19:07:48.171060 [hotstuff proto] Adding command 53dd18d822 to storage
2021-01-24 19:07:48.171091 [hotstuff proto] Adding command ead27b1c86 to storage
2021-01-24 19:07:48.171123 [hotstuff proto] Adding command 5f1ddbc2fb to storage
2021-01-24 19:07:48.171151 [hotstuff proto] Adding command 48443c868f to storage
2021-01-24 19:07:48.171185 [hotstuff proto] Adding command 9c8616c455 to storage
2021-01-24 19:07:48.171219 [hotstuff proto] Adding command db182aa591 to storage
2021-01-24 19:07:48.171250 [hotstuff proto] Adding command 1bcca6c039 to storage
2021-01-24 19:07:48.171281 [hotstuff proto] Adding command f83bb221d5 to storage
2021-01-24 19:07:48.171311 [hotstuff proto] Adding command a44c4438cf to storage
2021-01-24 19:07:48.171340 [hotstuff proto] Adding command 2fadf4ab76 to storage
2021-01-24 19:07:48.171371 [hotstuff proto] Adding command 3fbaba3c5b to storage
2021-01-24 19:07:48.171403 [hotstuff proto] Adding command c63761c39f to storage
2021-01-24 19:07:48.171441 [hotstuff proto] Adding command 9779c6fff1 to storage
2021-01-24 19:07:48.171472 [hotstuff proto] Adding command 67e4f26e84 to storage
2021-01-24 19:07:48.171671 [hotstuff proto] Adding command 5db43ae74c to storage
2021-01-24 19:07:48.171715 [hotstuff proto] Adding command 31dba5fca7 to storage
2021-01-24 19:07:48.171747 [hotstuff proto] Adding command 90d3cc4af3 to storage
2021-01-24 19:07:48.173084 [hotstuff proto] Adding command 5eab1e29e4 to storage
2021-01-24 19:07:48.173126 [hotstuff proto] Adding command 3786b5685d to storage
2021-01-24 19:07:48.173161 [hotstuff proto] Adding command f976b84a67 to storage
2021-01-24 19:07:48.173199 [hotstuff proto] Adding command c59a297409 to storage
2021-01-24 19:07:48.173231 [hotstuff proto] Adding command c854c8f56f to storage
2021-01-24 19:07:48.173263 [hotstuff proto] Adding command e1eb586829 to storage
2021-01-24 19:07:48.173293 [hotstuff proto] Adding command 7c2f21ce5c to storage
2021-01-24 19:07:48.173324 [hotstuff proto] Adding command bb2f4bcd51 to storage
2021-01-24 19:07:48.173354 [hotstuff proto] Adding command 66ee151dbf to storage
2021-01-24 19:07:48.173384 [hotstuff proto] Adding command 547c34decb to storage
2021-01-24 19:07:48.173414 [hotstuff proto] Adding command 04164f6252 to storage
2021-01-24 19:07:48.173445 [hotstuff proto] Adding command be84dc21f3 to storage
2021-01-24 19:07:48.173475 [hotstuff proto] Adding command 25ab3aa916 to storage
2021-01-24 19:07:48.173506 [hotstuff proto] Adding command 2544f2559d to storage
2021-01-24 19:07:48.173536 [hotstuff proto] Adding command 0dd443f367 to storage
2021-01-24 19:07:48.173566 [hotstuff proto] Adding command 7067b4ef8a to storage
2021-01-24 19:07:48.173595 [hotstuff proto] Adding command 4d93be036c to storage
2021-01-24 19:07:48.173627 [hotstuff proto] Adding command 42f0c08faf to storage
2021-01-24 19:07:48.173668 [hotstuff proto] Adding command 982258dda3 to storage
2021-01-24 19:07:48.173700 [hotstuff proto] Adding command 51335e1808 to storage
2021-01-24 19:07:48.174442 [hotstuff proto] Proposed block size : 3
2021-01-24 19:07:48.174572 [hotstuff proto] got <proposal rid=0 blk=20b18a460e>
2021-01-24 19:07:48.174594 [hotstuff proto] Passed acceptable fairness check!
2021-01-24 19:07:48.174655 [hotstuff proto] now state: <hotstuff hqc=6b7d92eaae hqc.height=0 b_lock=6b7d92eaae b_exec=6b7d92eaae vheight=1 tails=1>
2021-01-24 19:07:48.175492 [hotstuff proto] Inside do vote!
2021-01-24 19:07:48.175524 [hotstuff proto] Replica id is: 2
2021-01-24 19:07:48.175539 [hotstuff proto] Replica id test is: 2
2021-01-24 19:07:48.175567 [hotstuff proto] Block hash is: 20b18a460e
2021-01-24 19:07:48.175594 [hotstuff proto] Part cert is: 20b18a460e
2021-01-24 19:07:48.175735 [hotstuff proto] Extracting commands!
2021-01-24 19:07:48.175752 [hotstuff proto] The size while constructing vote is: 3
2021-01-24 19:07:48.175794 [hotstuff proto] Extracting commands!
2021-01-24 19:07:48.175812 [hotstuff proto] The size inside do_vote  after pmakeris: 3
2021-01-24 19:07:48.175838 [hotstuff proto] The ts sent is: 1611533268170751
2021-01-24 19:07:48.175854 [hotstuff proto] The ts sent is: 1611533268170784
2021-01-24 19:07:48.175871 [hotstuff proto] The ts sent is: 1611533268170818
2021-01-24 19:07:48.175887 [hotstuff proto] Serializing vote at replica starting!
2021-01-24 19:07:48.175900 [hotstuff proto] Extracting commands!
2021-01-24 19:07:48.175912 [hotstuff proto] The size before serializing is: 3
2021-01-24 19:07:48.175921 [hotstuff proto] Inside serialize, the ts sent is: 1611533268170751
2021-01-24 19:07:48.175931 [hotstuff proto] Inside serialize, the ts sent is: 1611533268170784
2021-01-24 19:07:48.175939 [hotstuff proto] Inside serialize, the ts sent is: 1611533268170818
2021-01-24 19:07:48.177746 [hotstuff proto] Proposed block size : 3
2021-01-24 19:07:48.178546 [hotstuff proto] got <proposal rid=0 blk=d351e7b722>
2021-01-24 19:07:48.178574 [hotstuff proto] Passed acceptable fairness check!
2021-01-24 19:07:48.178646 [hotstuff proto] now state: <hotstuff hqc=20b18a460e hqc.height=1 b_lock=6b7d92eaae b_exec=6b7d92eaae vheight=2 tails=1>
2021-01-24 19:07:48.179169 [hotstuff proto] Inside do vote!
2021-01-24 19:07:48.179199 [hotstuff proto] Replica id is: 2
2021-01-24 19:07:48.179216 [hotstuff proto] Replica id test is: 2
2021-01-24 19:07:48.179244 [hotstuff proto] Block hash is: d351e7b722
2021-01-24 19:07:48.179272 [hotstuff proto] Part cert is: d351e7b722
2021-01-24 19:07:48.179411 [hotstuff proto] Extracting commands!
2021-01-24 19:07:48.179427 [hotstuff proto] The size while constructing vote is: 3
2021-01-24 19:07:48.179443 [hotstuff proto] Extracting commands!
2021-01-24 19:07:48.179458 [hotstuff proto] The size inside do_vote  after pmakeris: 3
2021-01-24 19:07:48.179474 [hotstuff proto] The ts sent is: 1611533268170850
2021-01-24 19:07:48.179490 [hotstuff proto] The ts sent is: 1611533268170886
2021-01-24 19:07:48.179505 [hotstuff proto] The ts sent is: 1611533268170918
2021-01-24 19:07:48.179520 [hotstuff proto] Serializing vote at replica starting!
2021-01-24 19:07:48.179533 [hotstuff proto] Extracting commands!
2021-01-24 19:07:48.179549 [hotstuff proto] The size before serializing is: 3
2021-01-24 19:07:48.179564 [hotstuff proto] Inside serialize, the ts sent is: 1611533268170850
2021-01-24 19:07:48.179580 [hotstuff proto] Inside serialize, the ts sent is: 1611533268170886
2021-01-24 19:07:48.179595 [hotstuff proto] Inside serialize, the ts sent is: 1611533268170918
2021-01-24 19:07:48.182520 [hotstuff proto] Proposed block size : 3
2021-01-24 19:07:48.183348 [hotstuff proto] got <proposal rid=0 blk=dcab43131c>
2021-01-24 19:07:48.183375 [hotstuff proto] Passed acceptable fairness check!
2021-01-24 19:07:48.183421 [hotstuff proto] now state: <hotstuff hqc=d351e7b722 hqc.height=2 b_lock=20b18a460e b_exec=6b7d92eaae vheight=3 tails=1>
2021-01-24 19:07:48.183518 [hotstuff proto] Inside do vote!
2021-01-24 19:07:48.183535 [hotstuff proto] Replica id is: 2
2021-01-24 19:07:48.183547 [hotstuff proto] Replica id test is: 2
2021-01-24 19:07:48.183564 [hotstuff proto] Block hash is: dcab43131c
2021-01-24 19:07:48.183604 [hotstuff proto] Part cert is: dcab43131c
2021-01-24 19:07:48.183691 [hotstuff proto] Extracting commands!
2021-01-24 19:07:48.183704 [hotstuff proto] The size while constructing vote is: 3
2021-01-24 19:07:48.183715 [hotstuff proto] Extracting commands!
2021-01-24 19:07:48.183725 [hotstuff proto] The size inside do_vote  after pmakeris: 3
2021-01-24 19:07:48.183738 [hotstuff proto] The ts sent is: 1611533268170950
2021-01-24 19:07:48.183748 [hotstuff proto] The ts sent is: 1611533268170980
2021-01-24 19:07:48.183758 [hotstuff proto] The ts sent is: 1611533268171010
2021-01-24 19:07:48.183768 [hotstuff proto] Serializing vote at replica starting!
2021-01-24 19:07:48.183778 [hotstuff proto] Extracting commands!
2021-01-24 19:07:48.183788 [hotstuff proto] The size before serializing is: 3
2021-01-24 19:07:48.183798 [hotstuff proto] Inside serialize, the ts sent is: 1611533268170950
2021-01-24 19:07:48.183809 [hotstuff proto] Inside serialize, the ts sent is: 1611533268170980
2021-01-24 19:07:48.183817 [hotstuff proto] Inside serialize, the ts sent is: 1611533268171010
2021-01-24 19:07:48.186106 [hotstuff proto] Proposed block size : 3
2021-01-24 19:07:48.187270 [hotstuff proto] got <proposal rid=0 blk=94bf4d9efe>
2021-01-24 19:07:48.187300 [hotstuff proto] Passed acceptable fairness check!
2021-01-24 19:07:48.187381 [hotstuff proto] commit <block id=20b18a460e height=1 parent=6b7d92eaae qc_ref=6b7d92eaae>
2021-01-24 19:07:48.187428 [hotstuff info] replicated <fin decision=1 cmd_idx=0 cmd_height=1 cmd=af5570f5a1 blk=20b18a460e>
2021-01-24 19:07:48.187515 [hotstuff info] replicated <fin decision=1 cmd_idx=1 cmd_height=1 cmd=01acecb507 blk=20b18a460e>
2021-01-24 19:07:48.187560 [hotstuff info] replicated <fin decision=1 cmd_idx=2 cmd_height=1 cmd=2fcd151b82 blk=20b18a460e>
2021-01-24 19:07:48.187620 [hotstuff proto] now state: <hotstuff hqc=dcab43131c hqc.height=3 b_lock=d351e7b722 b_exec=20b18a460e vheight=4 tails=1>
2021-01-24 19:07:48.187806 [hotstuff proto] Inside do vote!
2021-01-24 19:07:48.187888 [hotstuff proto] Replica id is: 2
2021-01-24 19:07:48.187913 [hotstuff proto] Replica id test is: 2
2021-01-24 19:07:48.187944 [hotstuff proto] Block hash is: 94bf4d9efe
2021-01-24 19:07:48.187972 [hotstuff proto] Part cert is: 94bf4d9efe
2021-01-24 19:07:48.188106 [hotstuff proto] Extracting commands!
2021-01-24 19:07:48.188129 [hotstuff proto] The size while constructing vote is: 3
2021-01-24 19:07:48.188148 [hotstuff proto] Extracting commands!
2021-01-24 19:07:48.188165 [hotstuff proto] The size inside do_vote  after pmakeris: 3
2021-01-24 19:07:48.188184 [hotstuff proto] The ts sent is: 1611533268171043
2021-01-24 19:07:48.188203 [hotstuff proto] The ts sent is: 1611533268171075
2021-01-24 19:07:48.188222 [hotstuff proto] The ts sent is: 1611533268171107
2021-01-24 19:07:48.188242 [hotstuff proto] Serializing vote at replica starting!
2021-01-24 19:07:48.188259 [hotstuff proto] Extracting commands!
2021-01-24 19:07:48.188276 [hotstuff proto] The size before serializing is: 3
2021-01-24 19:07:48.188293 [hotstuff proto] Inside serialize, the ts sent is: 1611533268171043
2021-01-24 19:07:48.188310 [hotstuff proto] Inside serialize, the ts sent is: 1611533268171075
2021-01-24 19:07:48.188327 [hotstuff proto] Inside serialize, the ts sent is: 1611533268171107
2021-01-24 19:07:48.190482 [hotstuff proto] Proposed block size : 3
2021-01-24 19:07:48.191735 [hotstuff proto] got <proposal rid=0 blk=6bcbbc8d75>
2021-01-24 19:07:48.191759 [hotstuff proto] Passed acceptable fairness check!
2021-01-24 19:07:48.192326 [hotstuff proto] commit <block id=d351e7b722 height=2 parent=20b18a460e qc_ref=20b18a460e>
2021-01-24 19:07:48.192367 [hotstuff info] replicated <fin decision=1 cmd_idx=0 cmd_height=2 cmd=9ae4c9d086 blk=d351e7b722>
2021-01-24 19:07:48.192532 [hotstuff info] replicated <fin decision=1 cmd_idx=1 cmd_height=2 cmd=1b03ab083d blk=d351e7b722>
2021-01-24 19:07:48.192575 [hotstuff info] replicated <fin decision=1 cmd_idx=2 cmd_height=2 cmd=2be2196b9c blk=d351e7b722>
2021-01-24 19:07:48.192657 [hotstuff proto] now state: <hotstuff hqc=94bf4d9efe hqc.height=4 b_lock=dcab43131c b_exec=d351e7b722 vheight=5 tails=1>
2021-01-24 19:07:48.192873 [hotstuff proto] Inside do vote!
2021-01-24 19:07:48.192907 [hotstuff proto] Replica id is: 2
2021-01-24 19:07:48.192924 [hotstuff proto] Replica id test is: 2
2021-01-24 19:07:48.192943 [hotstuff proto] Block hash is: 6bcbbc8d75
2021-01-24 19:07:48.192959 [hotstuff proto] Part cert is: 6bcbbc8d75
2021-01-24 19:07:48.193046 [hotstuff proto] Extracting commands!
2021-01-24 19:07:48.193058 [hotstuff proto] The size while constructing vote is: 3
2021-01-24 19:07:48.193068 [hotstuff proto] Extracting commands!
2021-01-24 19:07:48.193077 [hotstuff proto] The size inside do_vote  after pmakeris: 3
2021-01-24 19:07:48.193087 [hotstuff proto] The ts sent is: 1611533268171135
2021-01-24 19:07:48.193096 [hotstuff proto] The ts sent is: 1611533268171164
2021-01-24 19:07:48.193105 [hotstuff proto] The ts sent is: 1611533268171202
2021-01-24 19:07:48.193114 [hotstuff proto] Serializing vote at replica starting!
2021-01-24 19:07:48.193123 [hotstuff proto] Extracting commands!
2021-01-24 19:07:48.193132 [hotstuff proto] The size before serializing is: 3
2021-01-24 19:07:48.193141 [hotstuff proto] Inside serialize, the ts sent is: 1611533268171135
2021-01-24 19:07:48.193150 [hotstuff proto] Inside serialize, the ts sent is: 1611533268171164
2021-01-24 19:07:48.193159 [hotstuff proto] Inside serialize, the ts sent is: 1611533268171202
2021-01-24 19:07:48.195170 [hotstuff proto] Proposed block size : 3
2021-01-24 19:07:48.196166 [hotstuff proto] got <proposal rid=0 blk=485085f1b2>
2021-01-24 19:07:48.196200 [hotstuff proto] Passed acceptable fairness check!
2021-01-24 19:07:48.196303 [hotstuff proto] commit <block id=dcab43131c height=3 parent=d351e7b722 qc_ref=d351e7b722>
2021-01-24 19:07:48.196419 [hotstuff info] replicated <fin decision=1 cmd_idx=0 cmd_height=3 cmd=20aef0af2b blk=dcab43131c>
2021-01-24 19:07:48.196498 [hotstuff info] replicated <fin decision=1 cmd_idx=1 cmd_height=3 cmd=4e65285e65 blk=dcab43131c>
2021-01-24 19:07:48.196552 [hotstuff info] replicated <fin decision=1 cmd_idx=2 cmd_height=3 cmd=7b742c398b blk=dcab43131c>
2021-01-24 19:07:48.196689 [hotstuff proto] now state: <hotstuff hqc=6bcbbc8d75 hqc.height=5 b_lock=94bf4d9efe b_exec=dcab43131c vheight=6 tails=1>
2021-01-24 19:07:48.196862 [hotstuff proto] Inside do vote!
2021-01-24 19:07:48.196934 [hotstuff proto] Replica id is: 2
2021-01-24 19:07:48.197056 [hotstuff proto] Replica id test is: 2
2021-01-24 19:07:48.197106 [hotstuff proto] Block hash is: 485085f1b2
2021-01-24 19:07:48.197134 [hotstuff proto] Part cert is: 485085f1b2
2021-01-24 19:07:48.197346 [hotstuff proto] Extracting commands!
2021-01-24 19:07:48.197374 [hotstuff proto] The size while constructing vote is: 3
2021-01-24 19:07:48.197390 [hotstuff proto] Extracting commands!
2021-01-24 19:07:48.197406 [hotstuff proto] The size inside do_vote  after pmakeris: 3
2021-01-24 19:07:48.197424 [hotstuff proto] The ts sent is: 1611533268171233
2021-01-24 19:07:48.197440 [hotstuff proto] The ts sent is: 1611533268171264
2021-01-24 19:07:48.197455 [hotstuff proto] The ts sent is: 1611533268171295
2021-01-24 19:07:48.197471 [hotstuff proto] Serializing vote at replica starting!
2021-01-24 19:07:48.197486 [hotstuff proto] Extracting commands!
2021-01-24 19:07:48.197502 [hotstuff proto] The size before serializing is: 3
2021-01-24 19:07:48.197529 [hotstuff proto] Inside serialize, the ts sent is: 1611533268171233
2021-01-24 19:07:48.197544 [hotstuff proto] Inside serialize, the ts sent is: 1611533268171264
2021-01-24 19:07:48.197560 [hotstuff proto] Inside serialize, the ts sent is: 1611533268171295
2021-01-24 19:07:48.200148 [hotstuff proto] Proposed block size : 3
2021-01-24 19:07:48.200906 [hotstuff proto] got <proposal rid=0 blk=ea5271543c>
2021-01-24 19:07:48.200930 [hotstuff proto] Passed acceptable fairness check!
2021-01-24 19:07:48.201002 [hotstuff proto] commit <block id=94bf4d9efe height=4 parent=dcab43131c qc_ref=dcab43131c>
2021-01-24 19:07:48.201079 [hotstuff info] replicated <fin decision=1 cmd_idx=0 cmd_height=4 cmd=d8e0873e07 blk=94bf4d9efe>
2021-01-24 19:07:48.201126 [hotstuff info] replicated <fin decision=1 cmd_idx=1 cmd_height=4 cmd=dd73a46975 blk=94bf4d9efe>
2021-01-24 19:07:48.201166 [hotstuff info] replicated <fin decision=1 cmd_idx=2 cmd_height=4 cmd=f1d6ff0821 blk=94bf4d9efe>
2021-01-24 19:07:48.201224 [hotstuff proto] now state: <hotstuff hqc=485085f1b2 hqc.height=6 b_lock=6bcbbc8d75 b_exec=94bf4d9efe vheight=7 tails=1>
2021-01-24 19:07:48.201365 [hotstuff proto] Inside do vote!
2021-01-24 19:07:48.201403 [hotstuff proto] Replica id is: 2
2021-01-24 19:07:48.201420 [hotstuff proto] Replica id test is: 2
2021-01-24 19:07:48.201449 [hotstuff proto] Block hash is: ea5271543c
2021-01-24 19:07:48.201478 [hotstuff proto] Part cert is: ea5271543c
2021-01-24 19:07:48.201620 [hotstuff proto] Extracting commands!
2021-01-24 19:07:48.201639 [hotstuff proto] The size while constructing vote is: 3
2021-01-24 19:07:48.201655 [hotstuff proto] Extracting commands!
2021-01-24 19:07:48.201671 [hotstuff proto] The size inside do_vote  after pmakeris: 3
2021-01-24 19:07:48.201687 [hotstuff proto] The ts sent is: 1611533268171324
2021-01-24 19:07:48.201703 [hotstuff proto] The ts sent is: 1611533268171354
2021-01-24 19:07:48.201720 [hotstuff proto] The ts sent is: 1611533268171385
2021-01-24 19:07:48.201737 [hotstuff proto] Serializing vote at replica starting!
2021-01-24 19:07:48.201754 [hotstuff proto] Extracting commands!
2021-01-24 19:07:48.201770 [hotstuff proto] The size before serializing is: 3
2021-01-24 19:07:48.201787 [hotstuff proto] Inside serialize, the ts sent is: 1611533268171324
2021-01-24 19:07:48.201805 [hotstuff proto] Inside serialize, the ts sent is: 1611533268171354
2021-01-24 19:07:48.201822 [hotstuff proto] Inside serialize, the ts sent is: 1611533268171385
2021-01-24 19:07:48.207367 [hotstuff proto] Proposed block size : 3
2021-01-24 19:07:48.208180 [hotstuff proto] got <proposal rid=0 blk=253e572d6e>
2021-01-24 19:07:48.208204 [hotstuff proto] Passed acceptable fairness check!
2021-01-24 19:07:48.208275 [hotstuff proto] commit <block id=6bcbbc8d75 height=5 parent=94bf4d9efe qc_ref=94bf4d9efe>
2021-01-24 19:07:48.208529 [hotstuff info] replicated <fin decision=1 cmd_idx=0 cmd_height=5 cmd=930abd7018 blk=6bcbbc8d75>
2021-01-24 19:07:48.208955 [hotstuff info] replicated <fin decision=1 cmd_idx=1 cmd_height=5 cmd=53dd18d822 blk=6bcbbc8d75>
2021-01-24 19:07:48.208997 [hotstuff info] replicated <fin decision=1 cmd_idx=2 cmd_height=5 cmd=ead27b1c86 blk=6bcbbc8d75>
2021-01-24 19:07:48.209052 [hotstuff proto] now state: <hotstuff hqc=ea5271543c hqc.height=7 b_lock=485085f1b2 b_exec=6bcbbc8d75 vheight=8 tails=1>
2021-01-24 19:07:48.209227 [hotstuff proto] Inside do vote!
2021-01-24 19:07:48.209251 [hotstuff proto] Replica id is: 2
2021-01-24 19:07:48.209268 [hotstuff proto] Replica id test is: 2
2021-01-24 19:07:48.209295 [hotstuff proto] Block hash is: 253e572d6e
2021-01-24 19:07:48.209322 [hotstuff proto] Part cert is: 253e572d6e
2021-01-24 19:07:48.209522 [hotstuff proto] Extracting commands!
2021-01-24 19:07:48.209542 [hotstuff proto] The size while constructing vote is: 3
2021-01-24 19:07:48.209558 [hotstuff proto] Extracting commands!
2021-01-24 19:07:48.209573 [hotstuff proto] The size inside do_vote  after pmakeris: 3
2021-01-24 19:07:48.209590 [hotstuff proto] The ts sent is: 1611533268171424
2021-01-24 19:07:48.209605 [hotstuff proto] The ts sent is: 1611533268171456
2021-01-24 19:07:48.209621 [hotstuff proto] The ts sent is: 1611533268171487
2021-01-24 19:07:48.209636 [hotstuff proto] Serializing vote at replica starting!
2021-01-24 19:07:48.209652 [hotstuff proto] Extracting commands!
2021-01-24 19:07:48.209667 [hotstuff proto] The size before serializing is: 3
2021-01-24 19:07:48.209681 [hotstuff proto] Inside serialize, the ts sent is: 1611533268171424
2021-01-24 19:07:48.209727 [hotstuff proto] Inside serialize, the ts sent is: 1611533268171456
2021-01-24 19:07:48.209761 [hotstuff proto] Inside serialize, the ts sent is: 1611533268171487
2021-01-24 19:07:48.213455 [hotstuff proto] Proposed block size : 3
2021-01-24 19:07:48.214186 [hotstuff proto] got <proposal rid=0 blk=63ce35b482>
2021-01-24 19:07:48.214213 [hotstuff proto] Passed acceptable fairness check!
2021-01-24 19:07:48.214284 [hotstuff proto] commit <block id=485085f1b2 height=6 parent=6bcbbc8d75 qc_ref=6bcbbc8d75>
2021-01-24 19:07:48.214326 [hotstuff info] replicated <fin decision=1 cmd_idx=0 cmd_height=6 cmd=5f1ddbc2fb blk=485085f1b2>
2021-01-24 19:07:48.214371 [hotstuff info] replicated <fin decision=1 cmd_idx=1 cmd_height=6 cmd=48443c868f blk=485085f1b2>
2021-01-24 19:07:48.214411 [hotstuff info] replicated <fin decision=1 cmd_idx=2 cmd_height=6 cmd=9c8616c455 blk=485085f1b2>
2021-01-24 19:07:48.214466 [hotstuff proto] now state: <hotstuff hqc=253e572d6e hqc.height=8 b_lock=ea5271543c b_exec=485085f1b2 vheight=9 tails=1>
2021-01-24 19:07:48.214614 [hotstuff proto] Inside do vote!
2021-01-24 19:07:48.214633 [hotstuff proto] Replica id is: 2
2021-01-24 19:07:48.214651 [hotstuff proto] Replica id test is: 2
2021-01-24 19:07:48.214679 [hotstuff proto] Block hash is: 63ce35b482
2021-01-24 19:07:48.214708 [hotstuff proto] Part cert is: 63ce35b482
2021-01-24 19:07:48.214852 [hotstuff proto] Extracting commands!
2021-01-24 19:07:48.214871 [hotstuff proto] The size while constructing vote is: 3
2021-01-24 19:07:48.214887 [hotstuff proto] Extracting commands!
2021-01-24 19:07:48.214902 [hotstuff proto] The size inside do_vote  after pmakeris: 3
2021-01-24 19:07:48.214921 [hotstuff proto] The ts sent is: 1611533268171698
2021-01-24 19:07:48.214937 [hotstuff proto] The ts sent is: 1611533268171732
2021-01-24 19:07:48.214954 [hotstuff proto] The ts sent is: 1611533268173005
2021-01-24 19:07:48.214971 [hotstuff proto] Serializing vote at replica starting!
2021-01-24 19:07:48.214986 [hotstuff proto] Extracting commands!
2021-01-24 19:07:48.215002 [hotstuff proto] The size before serializing is: 3
2021-01-24 19:07:48.215018 [hotstuff proto] Inside serialize, the ts sent is: 1611533268171698
2021-01-24 19:07:48.215034 [hotstuff proto] Inside serialize, the ts sent is: 1611533268171732
2021-01-24 19:07:48.215049 [hotstuff proto] Inside serialize, the ts sent is: 1611533268173005
2021-01-24 19:07:48.218153 [hotstuff proto] Proposed block size : 3
2021-01-24 19:07:48.218737 [hotstuff proto] got <proposal rid=0 blk=ce1bb1b71a>
2021-01-24 19:07:48.218761 [hotstuff proto] Passed acceptable fairness check!
2021-01-24 19:07:48.218808 [hotstuff proto] commit <block id=ea5271543c height=7 parent=485085f1b2 qc_ref=485085f1b2>
2021-01-24 19:07:48.218843 [hotstuff info] replicated <fin decision=1 cmd_idx=0 cmd_height=7 cmd=db182aa591 blk=ea5271543c>
2021-01-24 19:07:48.218889 [hotstuff info] replicated <fin decision=1 cmd_idx=1 cmd_height=7 cmd=1bcca6c039 blk=ea5271543c>
2021-01-24 19:07:48.218956 [hotstuff info] replicated <fin decision=1 cmd_idx=2 cmd_height=7 cmd=f83bb221d5 blk=ea5271543c>
2021-01-24 19:07:48.219032 [hotstuff proto] now state: <hotstuff hqc=63ce35b482 hqc.height=9 b_lock=253e572d6e b_exec=ea5271543c vheight=10 tails=1>
2021-01-24 19:07:48.219207 [hotstuff proto] Inside do vote!
2021-01-24 19:07:48.219235 [hotstuff proto] Replica id is: 2
2021-01-24 19:07:48.219252 [hotstuff proto] Replica id test is: 2
2021-01-24 19:07:48.219279 [hotstuff proto] Block hash is: ce1bb1b71a
2021-01-24 19:07:48.219304 [hotstuff proto] Part cert is: ce1bb1b71a
2021-01-24 19:07:48.219434 [hotstuff proto] Extracting commands!
2021-01-24 19:07:48.219455 [hotstuff proto] The size while constructing vote is: 3
2021-01-24 19:07:48.219471 [hotstuff proto] Extracting commands!
2021-01-24 19:07:48.219486 [hotstuff proto] The size inside do_vote  after pmakeris: 3
2021-01-24 19:07:48.219503 [hotstuff proto] The ts sent is: 1611533268173107
2021-01-24 19:07:48.219520 [hotstuff proto] The ts sent is: 1611533268173142
2021-01-24 19:07:48.219537 [hotstuff proto] The ts sent is: 1611533268173175
2021-01-24 19:07:48.219554 [hotstuff proto] Serializing vote at replica starting!
2021-01-24 19:07:48.219571 [hotstuff proto] Extracting commands!
2021-01-24 19:07:48.219624 [hotstuff proto] The size before serializing is: 3
2021-01-24 19:07:48.219643 [hotstuff proto] Inside serialize, the ts sent is: 1611533268173107
2021-01-24 19:07:48.219658 [hotstuff proto] Inside serialize, the ts sent is: 1611533268173142
2021-01-24 19:07:48.219673 [hotstuff proto] Inside serialize, the ts sent is: 1611533268173175
2021-01-24 19:07:48.223914 [hotstuff proto] Proposed block size : 3
2021-01-24 19:07:48.225417 [hotstuff proto] got <proposal rid=0 blk=51b777e441>
2021-01-24 19:07:48.225439 [hotstuff proto] Passed acceptable fairness check!
2021-01-24 19:07:48.225511 [hotstuff proto] commit <block id=253e572d6e height=8 parent=ea5271543c qc_ref=ea5271543c>
2021-01-24 19:07:48.225607 [hotstuff info] replicated <fin decision=1 cmd_idx=0 cmd_height=8 cmd=a44c4438cf blk=253e572d6e>
2021-01-24 19:07:48.225656 [hotstuff info] replicated <fin decision=1 cmd_idx=1 cmd_height=8 cmd=2fadf4ab76 blk=253e572d6e>
2021-01-24 19:07:48.225699 [hotstuff info] replicated <fin decision=1 cmd_idx=2 cmd_height=8 cmd=3fbaba3c5b blk=253e572d6e>
2021-01-24 19:07:48.225755 [hotstuff proto] now state: <hotstuff hqc=ce1bb1b71a hqc.height=10 b_lock=63ce35b482 b_exec=253e572d6e vheight=11 tails=1>
2021-01-24 19:07:48.225905 [hotstuff proto] Inside do vote!
2021-01-24 19:07:48.225924 [hotstuff proto] Replica id is: 2
2021-01-24 19:07:48.225940 [hotstuff proto] Replica id test is: 2
2021-01-24 19:07:48.225967 [hotstuff proto] Block hash is: 51b777e441
2021-01-24 19:07:48.225995 [hotstuff proto] Part cert is: 51b777e441
2021-01-24 19:07:48.226134 [hotstuff proto] Extracting commands!
2021-01-24 19:07:48.226149 [hotstuff proto] The size while constructing vote is: 3
2021-01-24 19:07:48.226162 [hotstuff proto] Extracting commands!
2021-01-24 19:07:48.226177 [hotstuff proto] The size inside do_vote  after pmakeris: 3
2021-01-24 19:07:48.226193 [hotstuff proto] The ts sent is: 1611533268173213
2021-01-24 19:07:48.226208 [hotstuff proto] The ts sent is: 1611533268173245
2021-01-24 19:07:48.226223 [hotstuff proto] The ts sent is: 1611533268173276
2021-01-24 19:07:48.226239 [hotstuff proto] Serializing vote at replica starting!
2021-01-24 19:07:48.226254 [hotstuff proto] Extracting commands!
2021-01-24 19:07:48.226269 [hotstuff proto] The size before serializing is: 3
2021-01-24 19:07:48.226285 [hotstuff proto] Inside serialize, the ts sent is: 1611533268173213
2021-01-24 19:07:48.226300 [hotstuff proto] Inside serialize, the ts sent is: 1611533268173245
2021-01-24 19:07:48.226315 [hotstuff proto] Inside serialize, the ts sent is: 1611533268173276
2021-01-24 19:07:48.229481 [hotstuff proto] Proposed block size : 3
2021-01-24 19:07:48.230393 [hotstuff proto] got <proposal rid=0 blk=6c8422f38a>
2021-01-24 19:07:48.230424 [hotstuff proto] Passed acceptable fairness check!
2021-01-24 19:07:48.230496 [hotstuff proto] commit <block id=63ce35b482 height=9 parent=253e572d6e qc_ref=253e572d6e>
2021-01-24 19:07:48.230540 [hotstuff info] replicated <fin decision=1 cmd_idx=0 cmd_height=9 cmd=c63761c39f blk=63ce35b482>
2021-01-24 19:07:48.230593 [hotstuff info] replicated <fin decision=1 cmd_idx=1 cmd_height=9 cmd=9779c6fff1 blk=63ce35b482>
2021-01-24 19:07:48.230634 [hotstuff info] replicated <fin decision=1 cmd_idx=2 cmd_height=9 cmd=67e4f26e84 blk=63ce35b482>
2021-01-24 19:07:48.230691 [hotstuff proto] now state: <hotstuff hqc=51b777e441 hqc.height=11 b_lock=ce1bb1b71a b_exec=63ce35b482 vheight=12 tails=1>
2021-01-24 19:07:48.230858 [hotstuff proto] Inside do vote!
2021-01-24 19:07:48.230881 [hotstuff proto] Replica id is: 2
2021-01-24 19:07:48.230896 [hotstuff proto] Replica id test is: 2
2021-01-24 19:07:48.230952 [hotstuff proto] Block hash is: 6c8422f38a
2021-01-24 19:07:48.230993 [hotstuff proto] Part cert is: 6c8422f38a
2021-01-24 19:07:48.231143 [hotstuff proto] Extracting commands!
2021-01-24 19:07:48.231165 [hotstuff proto] The size while constructing vote is: 3
2021-01-24 19:07:48.231185 [hotstuff proto] Extracting commands!
2021-01-24 19:07:48.231204 [hotstuff proto] The size inside do_vote  after pmakeris: 3
2021-01-24 19:07:48.231254 [hotstuff proto] The ts sent is: 1611533268173307
2021-01-24 19:07:48.231274 [hotstuff proto] The ts sent is: 1611533268173338
2021-01-24 19:07:48.231291 [hotstuff proto] The ts sent is: 1611533268173367
2021-01-24 19:07:48.231308 [hotstuff proto] Serializing vote at replica starting!
2021-01-24 19:07:48.231325 [hotstuff proto] Extracting commands!
2021-01-24 19:07:48.231341 [hotstuff proto] The size before serializing is: 3
2021-01-24 19:07:48.231357 [hotstuff proto] Inside serialize, the ts sent is: 1611533268173307
2021-01-24 19:07:48.231374 [hotstuff proto] Inside serialize, the ts sent is: 1611533268173338
2021-01-24 19:07:48.231391 [hotstuff proto] Inside serialize, the ts sent is: 1611533268173367
2021-01-24 19:07:48.233961 [hotstuff proto] Proposed block size : 3
2021-01-24 19:07:48.234763 [hotstuff proto] got <proposal rid=0 blk=376f8494ac>
2021-01-24 19:07:48.234797 [hotstuff proto] Passed acceptable fairness check!
2021-01-24 19:07:48.234874 [hotstuff proto] commit <block id=ce1bb1b71a height=10 parent=63ce35b482 qc_ref=63ce35b482>
2021-01-24 19:07:48.234920 [hotstuff info] replicated <fin decision=1 cmd_idx=0 cmd_height=10 cmd=5db43ae74c blk=ce1bb1b71a>
2021-01-24 19:07:48.234967 [hotstuff info] replicated <fin decision=1 cmd_idx=1 cmd_height=10 cmd=31dba5fca7 blk=ce1bb1b71a>
2021-01-24 19:07:48.235006 [hotstuff info] replicated <fin decision=1 cmd_idx=2 cmd_height=10 cmd=90d3cc4af3 blk=ce1bb1b71a>
2021-01-24 19:07:48.235127 [hotstuff proto] now state: <hotstuff hqc=6c8422f38a hqc.height=12 b_lock=51b777e441 b_exec=ce1bb1b71a vheight=13 tails=1>
2021-01-24 19:07:48.235435 [hotstuff proto] Inside do vote!
2021-01-24 19:07:48.235465 [hotstuff proto] Replica id is: 2
2021-01-24 19:07:48.235485 [hotstuff proto] Replica id test is: 2
2021-01-24 19:07:48.235516 [hotstuff proto] Block hash is: 376f8494ac
2021-01-24 19:07:48.235543 [hotstuff proto] Part cert is: 376f8494ac
2021-01-24 19:07:48.235680 [hotstuff proto] Extracting commands!
2021-01-24 19:07:48.235696 [hotstuff proto] The size while constructing vote is: 3
2021-01-24 19:07:48.235710 [hotstuff proto] Extracting commands!
2021-01-24 19:07:48.235728 [hotstuff proto] The size inside do_vote  after pmakeris: 3
2021-01-24 19:07:48.235745 [hotstuff proto] The ts sent is: 1611533268173396
2021-01-24 19:07:48.235801 [hotstuff proto] The ts sent is: 1611533268173428
2021-01-24 19:07:48.235821 [hotstuff proto] The ts sent is: 1611533268173459
2021-01-24 19:07:48.235847 [hotstuff proto] Serializing vote at replica starting!
2021-01-24 19:07:48.235866 [hotstuff proto] Extracting commands!
2021-01-24 19:07:48.235883 [hotstuff proto] The size before serializing is: 3
2021-01-24 19:07:48.236238 [hotstuff proto] Inside serialize, the ts sent is: 1611533268173396
2021-01-24 19:07:48.236285 [hotstuff proto] Inside serialize, the ts sent is: 1611533268173428
2021-01-24 19:07:48.236315 [hotstuff proto] Inside serialize, the ts sent is: 1611533268173459
2021-01-24 19:07:48.239850 [hotstuff proto] Proposed block size : 3
2021-01-24 19:07:48.240646 [hotstuff proto] got <proposal rid=0 blk=ff8a5db608>
2021-01-24 19:07:48.240674 [hotstuff proto] Passed acceptable fairness check!
2021-01-24 19:07:48.240983 [hotstuff proto] commit <block id=51b777e441 height=11 parent=ce1bb1b71a qc_ref=ce1bb1b71a>
2021-01-24 19:07:48.241028 [hotstuff info] replicated <fin decision=1 cmd_idx=0 cmd_height=11 cmd=5eab1e29e4 blk=51b777e441>
2021-01-24 19:07:48.241134 [hotstuff info] replicated <fin decision=1 cmd_idx=1 cmd_height=11 cmd=3786b5685d blk=51b777e441>
2021-01-24 19:07:48.241181 [hotstuff info] replicated <fin decision=1 cmd_idx=2 cmd_height=11 cmd=f976b84a67 blk=51b777e441>
2021-01-24 19:07:48.241238 [hotstuff proto] now state: <hotstuff hqc=376f8494ac hqc.height=13 b_lock=6c8422f38a b_exec=51b777e441 vheight=14 tails=1>
2021-01-24 19:07:48.241386 [hotstuff proto] Inside do vote!
2021-01-24 19:07:48.241409 [hotstuff proto] Replica id is: 2
2021-01-24 19:07:48.241425 [hotstuff proto] Replica id test is: 2
2021-01-24 19:07:48.241453 [hotstuff proto] Block hash is: ff8a5db608
2021-01-24 19:07:48.241510 [hotstuff proto] Part cert is: ff8a5db608
2021-01-24 19:07:48.241650 [hotstuff proto] Extracting commands!
2021-01-24 19:07:48.241666 [hotstuff proto] The size while constructing vote is: 3
2021-01-24 19:07:48.241682 [hotstuff proto] Extracting commands!
2021-01-24 19:07:48.241696 [hotstuff proto] The size inside do_vote  after pmakeris: 3
2021-01-24 19:07:48.241711 [hotstuff proto] The ts sent is: 1611533268173489
2021-01-24 19:07:48.241727 [hotstuff proto] The ts sent is: 1611533268173520
2021-01-24 19:07:48.241741 [hotstuff proto] The ts sent is: 1611533268173549
2021-01-24 19:07:48.241756 [hotstuff proto] Serializing vote at replica starting!
2021-01-24 19:07:48.241770 [hotstuff proto] Extracting commands!
2021-01-24 19:07:48.241786 [hotstuff proto] The size before serializing is: 3
2021-01-24 19:07:48.241801 [hotstuff proto] Inside serialize, the ts sent is: 1611533268173489
2021-01-24 19:07:48.241816 [hotstuff proto] Inside serialize, the ts sent is: 1611533268173520
2021-01-24 19:07:48.241830 [hotstuff proto] Inside serialize, the ts sent is: 1611533268173549
2021-01-24 19:07:48.245617 [hotstuff proto] Proposed block size : 3
2021-01-24 19:07:48.246457 [hotstuff proto] got <proposal rid=0 blk=a053cce066>
2021-01-24 19:07:48.246490 [hotstuff proto] Passed acceptable fairness check!
2021-01-24 19:07:48.246558 [hotstuff proto] commit <block id=6c8422f38a height=12 parent=51b777e441 qc_ref=51b777e441>
2021-01-24 19:07:48.246602 [hotstuff info] replicated <fin decision=1 cmd_idx=0 cmd_height=12 cmd=c59a297409 blk=6c8422f38a>
2021-01-24 19:07:48.246648 [hotstuff info] replicated <fin decision=1 cmd_idx=1 cmd_height=12 cmd=c854c8f56f blk=6c8422f38a>
2021-01-24 19:07:48.246687 [hotstuff info] replicated <fin decision=1 cmd_idx=2 cmd_height=12 cmd=e1eb586829 blk=6c8422f38a>
2021-01-24 19:07:48.246764 [hotstuff proto] now state: <hotstuff hqc=ff8a5db608 hqc.height=14 b_lock=376f8494ac b_exec=6c8422f38a vheight=15 tails=1>
2021-01-24 19:07:48.246926 [hotstuff proto] Inside do vote!
2021-01-24 19:07:48.246949 [hotstuff proto] Replica id is: 2
2021-01-24 19:07:48.246965 [hotstuff proto] Replica id test is: 2
2021-01-24 19:07:48.246994 [hotstuff proto] Block hash is: a053cce066
2021-01-24 19:07:48.247052 [hotstuff proto] Part cert is: a053cce066
2021-01-24 19:07:48.247191 [hotstuff proto] Extracting commands!
2021-01-24 19:07:48.247214 [hotstuff proto] The size while constructing vote is: 3
2021-01-24 19:07:48.247231 [hotstuff proto] Extracting commands!
2021-01-24 19:07:48.247248 [hotstuff proto] The size inside do_vote  after pmakeris: 3
2021-01-24 19:07:48.247267 [hotstuff proto] The ts sent is: 1611533268173578
2021-01-24 19:07:48.247286 [hotstuff proto] The ts sent is: 1611533268173609
2021-01-24 19:07:48.247303 [hotstuff proto] The ts sent is: 1611533268173640
2021-01-24 19:07:48.247320 [hotstuff proto] Serializing vote at replica starting!
2021-01-24 19:07:48.247336 [hotstuff proto] Extracting commands!
2021-01-24 19:07:48.247354 [hotstuff proto] The size before serializing is: 3
