2021-01-19 16:46:14.314929 [net info] loaded configuration from hotstuff.conf
2021-01-19 16:46:14.315080 [net info] loading extra configuration from ./hotstuff-sec2.conf
2021-01-19 16:46:14.327439 [net info] starting all threads...
2021-01-19 16:46:14.328098 [net info] listening to 10002
2021-01-19 16:46:14.335393 [net info] starting all threads...
2021-01-19 16:46:14.335690 [net info] listening to 20002
2021-01-19 16:46:14.336118 [hotstuff info] ** starting the system with parameters **
2021-01-19 16:46:14.336143 [hotstuff info] blk_size = 3
2021-01-19 16:46:14.336158 [hotstuff info] conns = 0
2021-01-19 16:46:14.336172 [hotstuff info] ** starting the event loop...
2021-01-19 16:46:14.336398 [hotstuff proto] Pacemaker: stop rotation at 0
2021-01-19 16:46:14.336521 [net info] accepted <Conn fd=119 addr=<NetAddr 127.0.0.1:57520> mode=passive>
2021-01-19 16:46:14.337390 [net info] accepted <Conn fd=122 addr=<NetAddr 127.0.0.1:57523> mode=passive>
2021-01-19 16:46:14.338413 [net info] created <Conn fd=131 addr=<NetAddr 127.0.0.1:10000> mode=active>
2021-01-19 16:46:14.339274 [net info] created <Conn fd=134 addr=<NetAddr 127.0.0.1:10001> mode=active>
2021-01-19 16:46:14.339646 [net info] created <Conn fd=137 addr=<NetAddr 127.0.0.1:10003> mode=active>
2021-01-19 16:46:14.345712 [net info] connected to remote <Conn fd=131 addr=<NetAddr 127.0.0.1:10000> mode=active>
2021-01-19 16:46:14.345802 [net info] connected to remote <Conn fd=134 addr=<NetAddr 127.0.0.1:10001> mode=active>
2021-01-19 16:46:14.345849 [net info] connected to remote <Conn fd=137 addr=<NetAddr 127.0.0.1:10003> mode=active>
2021-01-19 16:46:14.346266 [net info] accepted <Conn fd=140 addr=<NetAddr 127.0.0.1:57530> mode=passive>
2021-01-19 16:46:14.360520 [net info] 065b010aed: setup connection <Conn fd=137 addr=<NetAddr 127.0.0.1:10003> mode=active>
2021-01-19 16:46:14.360615 [net info] 065b010aed: setup connection <Conn fd=119 addr=<NetAddr 127.0.0.1:57520> mode=passive>
2021-01-19 16:46:14.360646 [net info] 065b010aed: setup connection <Conn fd=122 addr=<NetAddr 127.0.0.1:57523> mode=passive>
2021-01-19 16:46:14.360672 [net info] 065b010aed: setup connection <Conn fd=134 addr=<NetAddr 127.0.0.1:10001> mode=active>
2021-01-19 16:46:14.364625 [net info] 065b010aed: setup connection <Conn fd=140 addr=<NetAddr 127.0.0.1:57530> mode=passive>
2021-01-19 16:46:14.364676 [net info] 065b010aed: setup connection <Conn fd=131 addr=<NetAddr 127.0.0.1:10000> mode=active>
2021-01-19 16:46:14.366881 [net info] established 065b010aed <---> c261250345 (via <Conn fd=122 addr=<NetAddr 127.0.0.1:57523> mode=passive>)
2021-01-19 16:46:14.367229 [net info] 065b010aed: lost connection <Conn fd=119 addr=<NetAddr 127.0.0.1:57520> mode=passive>
2021-01-19 16:46:14.367278 [net info] 065b010aed: lost connection <Conn fd=140 addr=<NetAddr 127.0.0.1:57530> mode=passive>
2021-01-19 16:46:14.367518 [net info] 065b010aed: lost connection <Conn fd=134 addr=<NetAddr 127.0.0.1:10001> mode=active>
2021-01-19 16:46:14.368448 [net info] established 065b010aed <---> 6540a0fea6 (via <Conn fd=137 addr=<NetAddr 127.0.0.1:10003> mode=active>)
2021-01-19 16:46:14.368485 [net info] 065b010aed: ping from <Conn fd=137 addr=<NetAddr 127.0.0.1:10003> mode=active>
2021-01-19 16:46:14.368762 [net info] established 065b010aed <---> 542865a568 (via <Conn fd=131 addr=<NetAddr 127.0.0.1:10000> mode=active>)
2021-01-19 16:46:14.368873 [net info] 065b010aed: ping from <Conn fd=131 addr=<NetAddr 127.0.0.1:10000> mode=active>
2021-01-19 16:46:14.369302 [net info] 065b010aed: ping from <Conn fd=122 addr=<NetAddr 127.0.0.1:57523> mode=passive>
2021-01-19 16:46:19.298880 [net info] accepted <Conn fd=119 addr=<NetAddr 127.0.0.1:57533> mode=passive>
2021-01-19 16:46:19.360906 [hotstuff proto] Adding command af5570f5a1 to storage
2021-01-19 16:46:19.361143 [hotstuff proto] Adding command 01acecb507 to storage
2021-01-19 16:46:19.361191 [hotstuff proto] Adding command 2fcd151b82 to storage
2021-01-19 16:46:19.361230 [hotstuff proto] Adding command 9ae4c9d086 to storage
2021-01-19 16:46:19.361267 [hotstuff proto] Adding command 1b03ab083d to storage
2021-01-19 16:46:19.361336 [hotstuff proto] Adding command 2be2196b9c to storage
2021-01-19 16:46:19.361368 [hotstuff proto] Adding command 20aef0af2b to storage
2021-01-19 16:46:19.361400 [hotstuff proto] Adding command 4e65285e65 to storage
2021-01-19 16:46:19.361433 [hotstuff proto] Adding command 7b742c398b to storage
2021-01-19 16:46:19.361466 [hotstuff proto] Adding command d8e0873e07 to storage
2021-01-19 16:46:19.361497 [hotstuff proto] Adding command dd73a46975 to storage
2021-01-19 16:46:19.361528 [hotstuff proto] Adding command f1d6ff0821 to storage
2021-01-19 16:46:19.361560 [hotstuff proto] Adding command 930abd7018 to storage
2021-01-19 16:46:19.361592 [hotstuff proto] Adding command 53dd18d822 to storage
2021-01-19 16:46:19.361623 [hotstuff proto] Adding command ead27b1c86 to storage
2021-01-19 16:46:19.361655 [hotstuff proto] Adding command 5f1ddbc2fb to storage
2021-01-19 16:46:19.361688 [hotstuff proto] Adding command 48443c868f to storage
2021-01-19 16:46:19.361726 [hotstuff proto] Adding command 9c8616c455 to storage
2021-01-19 16:46:19.361757 [hotstuff proto] Adding command db182aa591 to storage
2021-01-19 16:46:19.361789 [hotstuff proto] Adding command 1bcca6c039 to storage
2021-01-19 16:46:19.361820 [hotstuff proto] Adding command f83bb221d5 to storage
2021-01-19 16:46:19.361852 [hotstuff proto] Adding command a44c4438cf to storage
2021-01-19 16:46:19.361883 [hotstuff proto] Adding command 2fadf4ab76 to storage
2021-01-19 16:46:19.361914 [hotstuff proto] Adding command 3fbaba3c5b to storage
2021-01-19 16:46:19.361946 [hotstuff proto] Adding command c63761c39f to storage
2021-01-19 16:46:19.361977 [hotstuff proto] Adding command 9779c6fff1 to storage
2021-01-19 16:46:19.362010 [hotstuff proto] Adding command 67e4f26e84 to storage
2021-01-19 16:46:19.362042 [hotstuff proto] Adding command 5db43ae74c to storage
2021-01-19 16:46:19.362074 [hotstuff proto] Adding command 31dba5fca7 to storage
2021-01-19 16:46:19.362112 [hotstuff proto] Adding command 90d3cc4af3 to storage
2021-01-19 16:46:19.362147 [hotstuff proto] Adding command 5eab1e29e4 to storage
2021-01-19 16:46:19.362180 [hotstuff proto] Adding command 3786b5685d to storage
2021-01-19 16:46:19.362213 [hotstuff proto] Adding command f976b84a67 to storage
2021-01-19 16:46:19.362249 [hotstuff proto] Adding command c59a297409 to storage
2021-01-19 16:46:19.362278 [hotstuff proto] Adding command c854c8f56f to storage
2021-01-19 16:46:19.362310 [hotstuff proto] Adding command e1eb586829 to storage
2021-01-19 16:46:19.362342 [hotstuff proto] Adding command 7c2f21ce5c to storage
2021-01-19 16:46:19.362374 [hotstuff proto] Adding command bb2f4bcd51 to storage
2021-01-19 16:46:19.362405 [hotstuff proto] Adding command 66ee151dbf to storage
2021-01-19 16:46:19.362442 [hotstuff proto] Adding command 547c34decb to storage
2021-01-19 16:46:19.362473 [hotstuff proto] Adding command 04164f6252 to storage
2021-01-19 16:46:19.362503 [hotstuff proto] Adding command be84dc21f3 to storage
2021-01-19 16:46:19.362534 [hotstuff proto] Adding command 25ab3aa916 to storage
2021-01-19 16:46:19.362565 [hotstuff proto] Adding command 2544f2559d to storage
2021-01-19 16:46:19.362598 [hotstuff proto] Adding command 0dd443f367 to storage
2021-01-19 16:46:19.363651 [hotstuff proto] Adding command 7067b4ef8a to storage
2021-01-19 16:46:19.363712 [hotstuff proto] Adding command 4d93be036c to storage
2021-01-19 16:46:19.363761 [hotstuff proto] Adding command 42f0c08faf to storage
2021-01-19 16:46:19.363825 [hotstuff proto] Adding command 982258dda3 to storage
2021-01-19 16:46:19.363935 [hotstuff proto] Adding command 51335e1808 to storage
2021-01-19 16:46:19.364606 [hotstuff proto] got <proposal rid=0 blk=20b18a460e>
2021-01-19 16:46:19.364638 [hotstuff proto] Passed acceptable fairness check!
2021-01-19 16:46:19.364667 [hotstuff proto] The command being erased is af5570f5a1
2021-01-19 16:46:19.364695 [hotstuff proto] The command being erased is 01acecb507
2021-01-19 16:46:19.364722 [hotstuff proto] The command being erased is 2fcd151b82
2021-01-19 16:46:19.364781 [hotstuff proto] now state: <hotstuff hqc=6b7d92eaae hqc.height=0 b_lock=6b7d92eaae b_exec=6b7d92eaae vheight=1 tails=1>
2021-01-19 16:46:19.367506 [hotstuff proto] got <proposal rid=0 blk=48fe718de0>
2021-01-19 16:46:19.367546 [hotstuff proto] Passed acceptable fairness check!
2021-01-19 16:46:19.367577 [hotstuff proto] The command being erased is 9ae4c9d086
2021-01-19 16:46:19.367605 [hotstuff proto] The command being erased is 1b03ab083d
2021-01-19 16:46:19.367633 [hotstuff proto] The command being erased is 2be2196b9c
2021-01-19 16:46:19.367701 [hotstuff proto] now state: <hotstuff hqc=20b18a460e hqc.height=1 b_lock=6b7d92eaae b_exec=6b7d92eaae vheight=2 tails=1>
2021-01-19 16:46:19.370584 [hotstuff proto] got <proposal rid=0 blk=15b2ada1a9>
2021-01-19 16:46:19.370660 [hotstuff proto] Passed acceptable fairness check!
2021-01-19 16:46:19.370695 [hotstuff proto] The command being erased is 20aef0af2b
2021-01-19 16:46:19.370722 [hotstuff proto] The command being erased is 4e65285e65
2021-01-19 16:46:19.370748 [hotstuff proto] The command being erased is 7b742c398b
2021-01-19 16:46:19.370817 [hotstuff proto] now state: <hotstuff hqc=48fe718de0 hqc.height=2 b_lock=20b18a460e b_exec=6b7d92eaae vheight=3 tails=1>
2021-01-19 16:46:19.375396 [hotstuff proto] got <proposal rid=0 blk=47829478e8>
2021-01-19 16:46:19.375423 [hotstuff proto] Passed acceptable fairness check!
2021-01-19 16:46:19.375453 [hotstuff proto] The command being erased is d8e0873e07
2021-01-19 16:46:19.375481 [hotstuff proto] The command being erased is dd73a46975
2021-01-19 16:46:19.375508 [hotstuff proto] The command being erased is f1d6ff0821
2021-01-19 16:46:19.375584 [hotstuff proto] commit <block id=20b18a460e height=1 parent=6b7d92eaae qc_ref=6b7d92eaae>
2021-01-19 16:46:19.375627 [hotstuff info] replicated <fin decision=1 cmd_idx=0 cmd_height=1 cmd=af5570f5a1 blk=20b18a460e>
2021-01-19 16:46:19.376079 [hotstuff info] replicated <fin decision=1 cmd_idx=1 cmd_height=1 cmd=01acecb507 blk=20b18a460e>
2021-01-19 16:46:19.376129 [hotstuff info] replicated <fin decision=1 cmd_idx=2 cmd_height=1 cmd=2fcd151b82 blk=20b18a460e>
2021-01-19 16:46:19.376187 [hotstuff proto] now state: <hotstuff hqc=15b2ada1a9 hqc.height=3 b_lock=48fe718de0 b_exec=20b18a460e vheight=4 tails=1>
2021-01-19 16:46:19.380224 [hotstuff proto] got <proposal rid=0 blk=39c0e0af50>
2021-01-19 16:46:19.380253 [hotstuff proto] Passed acceptable fairness check!
2021-01-19 16:46:19.380283 [hotstuff proto] The command being erased is 930abd7018
2021-01-19 16:46:19.380310 [hotstuff proto] The command being erased is 53dd18d822
2021-01-19 16:46:19.380358 [hotstuff proto] The command being erased is ead27b1c86
2021-01-19 16:46:19.380425 [hotstuff proto] commit <block id=48fe718de0 height=2 parent=20b18a460e qc_ref=20b18a460e>
2021-01-19 16:46:19.380452 [hotstuff info] replicated <fin decision=1 cmd_idx=0 cmd_height=2 cmd=9ae4c9d086 blk=48fe718de0>
2021-01-19 16:46:19.380490 [hotstuff info] replicated <fin decision=1 cmd_idx=1 cmd_height=2 cmd=1b03ab083d blk=48fe718de0>
2021-01-19 16:46:19.380527 [hotstuff info] replicated <fin decision=1 cmd_idx=2 cmd_height=2 cmd=2be2196b9c blk=48fe718de0>
2021-01-19 16:46:19.380563 [hotstuff proto] now state: <hotstuff hqc=47829478e8 hqc.height=4 b_lock=15b2ada1a9 b_exec=48fe718de0 vheight=5 tails=1>
2021-01-19 16:46:19.383539 [hotstuff proto] got <proposal rid=0 blk=34df65d4d0>
2021-01-19 16:46:19.383662 [hotstuff proto] Passed acceptable fairness check!
2021-01-19 16:46:19.383720 [hotstuff proto] The command being erased is 5f1ddbc2fb
2021-01-19 16:46:19.383747 [hotstuff proto] The command being erased is 48443c868f
2021-01-19 16:46:19.383773 [hotstuff proto] The command being erased is 9c8616c455
2021-01-19 16:46:19.383842 [hotstuff proto] commit <block id=15b2ada1a9 height=3 parent=48fe718de0 qc_ref=48fe718de0>
2021-01-19 16:46:19.384043 [hotstuff info] replicated <fin decision=1 cmd_idx=0 cmd_height=3 cmd=20aef0af2b blk=15b2ada1a9>
2021-01-19 16:46:19.384291 [hotstuff info] replicated <fin decision=1 cmd_idx=1 cmd_height=3 cmd=4e65285e65 blk=15b2ada1a9>
2021-01-19 16:46:19.384410 [hotstuff info] replicated <fin decision=1 cmd_idx=2 cmd_height=3 cmd=7b742c398b blk=15b2ada1a9>
2021-01-19 16:46:19.384470 [hotstuff proto] now state: <hotstuff hqc=39c0e0af50 hqc.height=5 b_lock=47829478e8 b_exec=15b2ada1a9 vheight=6 tails=1>
2021-01-19 16:46:19.389736 [hotstuff proto] got <proposal rid=0 blk=5f064ddc7b>
2021-01-19 16:46:19.389805 [hotstuff proto] Passed acceptable fairness check!
2021-01-19 16:46:19.389835 [hotstuff proto] The command being erased is db182aa591
2021-01-19 16:46:19.389863 [hotstuff proto] The command being erased is 1bcca6c039
2021-01-19 16:46:19.389891 [hotstuff proto] The command being erased is f83bb221d5
2021-01-19 16:46:19.390005 [hotstuff proto] commit <block id=47829478e8 height=4 parent=15b2ada1a9 qc_ref=15b2ada1a9>
2021-01-19 16:46:19.390053 [hotstuff info] replicated <fin decision=1 cmd_idx=0 cmd_height=4 cmd=d8e0873e07 blk=47829478e8>
2021-01-19 16:46:19.390161 [hotstuff info] replicated <fin decision=1 cmd_idx=1 cmd_height=4 cmd=dd73a46975 blk=47829478e8>
2021-01-19 16:46:19.390203 [hotstuff info] replicated <fin decision=1 cmd_idx=2 cmd_height=4 cmd=f1d6ff0821 blk=47829478e8>
2021-01-19 16:46:19.390253 [hotstuff proto] now state: <hotstuff hqc=34df65d4d0 hqc.height=6 b_lock=39c0e0af50 b_exec=47829478e8 vheight=7 tails=1>
2021-01-19 16:46:19.398618 [hotstuff proto] got <proposal rid=0 blk=919dc44646>
2021-01-19 16:46:19.398658 [hotstuff proto] Passed acceptable fairness check!
2021-01-19 16:46:19.398692 [hotstuff proto] The command being erased is a44c4438cf
2021-01-19 16:46:19.398722 [hotstuff proto] The command being erased is 2fadf4ab76
2021-01-19 16:46:19.398750 [hotstuff proto] The command being erased is 3fbaba3c5b
2021-01-19 16:46:19.398821 [hotstuff proto] commit <block id=39c0e0af50 height=5 parent=47829478e8 qc_ref=47829478e8>
2021-01-19 16:46:19.398864 [hotstuff info] replicated <fin decision=1 cmd_idx=0 cmd_height=5 cmd=930abd7018 blk=39c0e0af50>
2021-01-19 16:46:19.398910 [hotstuff info] replicated <fin decision=1 cmd_idx=1 cmd_height=5 cmd=53dd18d822 blk=39c0e0af50>
2021-01-19 16:46:19.398955 [hotstuff info] replicated <fin decision=1 cmd_idx=2 cmd_height=5 cmd=ead27b1c86 blk=39c0e0af50>
2021-01-19 16:46:19.399189 [hotstuff proto] now state: <hotstuff hqc=5f064ddc7b hqc.height=7 b_lock=34df65d4d0 b_exec=39c0e0af50 vheight=8 tails=1>
2021-01-19 16:46:19.403256 [hotstuff proto] got <proposal rid=0 blk=9478ae113c>
2021-01-19 16:46:19.403282 [hotstuff proto] Passed acceptable fairness check!
2021-01-19 16:46:19.403310 [hotstuff proto] The command being erased is c63761c39f
2021-01-19 16:46:19.403338 [hotstuff proto] The command being erased is 9779c6fff1
2021-01-19 16:46:19.403365 [hotstuff proto] The command being erased is 67e4f26e84
2021-01-19 16:46:19.403463 [hotstuff proto] commit <block id=34df65d4d0 height=6 parent=39c0e0af50 qc_ref=39c0e0af50>
2021-01-19 16:46:19.403506 [hotstuff info] replicated <fin decision=1 cmd_idx=0 cmd_height=6 cmd=5f1ddbc2fb blk=34df65d4d0>
2021-01-19 16:46:19.403584 [hotstuff info] replicated <fin decision=1 cmd_idx=1 cmd_height=6 cmd=48443c868f blk=34df65d4d0>
2021-01-19 16:46:19.403628 [hotstuff info] replicated <fin decision=1 cmd_idx=2 cmd_height=6 cmd=9c8616c455 blk=34df65d4d0>
2021-01-19 16:46:19.403684 [hotstuff proto] now state: <hotstuff hqc=919dc44646 hqc.height=8 b_lock=5f064ddc7b b_exec=34df65d4d0 vheight=9 tails=1>
2021-01-19 16:46:19.407344 [hotstuff proto] got <proposal rid=0 blk=7d439c4bb8>
2021-01-19 16:46:19.407387 [hotstuff proto] Passed acceptable fairness check!
2021-01-19 16:46:19.407420 [hotstuff proto] The command being erased is 5db43ae74c
2021-01-19 16:46:19.407447 [hotstuff proto] The command being erased is 31dba5fca7
2021-01-19 16:46:19.407476 [hotstuff proto] The command being erased is 90d3cc4af3
2021-01-19 16:46:19.407549 [hotstuff proto] commit <block id=5f064ddc7b height=7 parent=34df65d4d0 qc_ref=34df65d4d0>
2021-01-19 16:46:19.407591 [hotstuff info] replicated <fin decision=1 cmd_idx=0 cmd_height=7 cmd=db182aa591 blk=5f064ddc7b>
2021-01-19 16:46:19.407636 [hotstuff info] replicated <fin decision=1 cmd_idx=1 cmd_height=7 cmd=1bcca6c039 blk=5f064ddc7b>
2021-01-19 16:46:19.407703 [hotstuff info] replicated <fin decision=1 cmd_idx=2 cmd_height=7 cmd=f83bb221d5 blk=5f064ddc7b>
2021-01-19 16:46:19.407760 [hotstuff proto] now state: <hotstuff hqc=9478ae113c hqc.height=9 b_lock=919dc44646 b_exec=5f064ddc7b vheight=10 tails=1>
2021-01-19 16:46:19.416105 [hotstuff proto] got <proposal rid=0 blk=ff9abf1ad5>
2021-01-19 16:46:19.416129 [hotstuff proto] Passed acceptable fairness check!
2021-01-19 16:46:19.416148 [hotstuff proto] The command being erased is 5eab1e29e4
2021-01-19 16:46:19.416164 [hotstuff proto] The command being erased is 3786b5685d
2021-01-19 16:46:19.416181 [hotstuff proto] The command being erased is f976b84a67
2021-01-19 16:46:19.416232 [hotstuff proto] commit <block id=919dc44646 height=8 parent=5f064ddc7b qc_ref=5f064ddc7b>
2021-01-19 16:46:19.416278 [hotstuff info] replicated <fin decision=1 cmd_idx=0 cmd_height=8 cmd=a44c4438cf blk=919dc44646>
2021-01-19 16:46:19.416327 [hotstuff info] replicated <fin decision=1 cmd_idx=1 cmd_height=8 cmd=2fadf4ab76 blk=919dc44646>
2021-01-19 16:46:19.416409 [hotstuff info] replicated <fin decision=1 cmd_idx=2 cmd_height=8 cmd=3fbaba3c5b blk=919dc44646>
2021-01-19 16:46:19.416594 [hotstuff proto] now state: <hotstuff hqc=7d439c4bb8 hqc.height=10 b_lock=9478ae113c b_exec=919dc44646 vheight=11 tails=1>
2021-01-19 16:46:19.419364 [hotstuff proto] got <proposal rid=0 blk=988cf10385>
2021-01-19 16:46:19.419395 [hotstuff proto] Passed acceptable fairness check!
2021-01-19 16:46:19.419423 [hotstuff proto] The command being erased is c59a297409
2021-01-19 16:46:19.419452 [hotstuff proto] The command being erased is c854c8f56f
2021-01-19 16:46:19.419497 [hotstuff proto] The command being erased is e1eb586829
2021-01-19 16:46:19.419604 [hotstuff proto] commit <block id=9478ae113c height=9 parent=919dc44646 qc_ref=919dc44646>
2021-01-19 16:46:19.419651 [hotstuff info] replicated <fin decision=1 cmd_idx=0 cmd_height=9 cmd=c63761c39f blk=9478ae113c>
2021-01-19 16:46:19.419724 [hotstuff info] replicated <fin decision=1 cmd_idx=1 cmd_height=9 cmd=9779c6fff1 blk=9478ae113c>
2021-01-19 16:46:19.419767 [hotstuff info] replicated <fin decision=1 cmd_idx=2 cmd_height=9 cmd=67e4f26e84 blk=9478ae113c>
2021-01-19 16:46:19.419823 [hotstuff proto] now state: <hotstuff hqc=ff9abf1ad5 hqc.height=11 b_lock=7d439c4bb8 b_exec=9478ae113c vheight=12 tails=1>
2021-01-19 16:46:19.422154 [hotstuff proto] got <proposal rid=0 blk=93c0e9c591>
2021-01-19 16:46:19.422227 [hotstuff proto] Passed acceptable fairness check!
2021-01-19 16:46:19.422262 [hotstuff proto] The command being erased is 7c2f21ce5c
2021-01-19 16:46:19.422293 [hotstuff proto] The command being erased is bb2f4bcd51
2021-01-19 16:46:19.422322 [hotstuff proto] The command being erased is 66ee151dbf
2021-01-19 16:46:19.422398 [hotstuff proto] commit <block id=7d439c4bb8 height=10 parent=9478ae113c qc_ref=9478ae113c>
2021-01-19 16:46:19.422441 [hotstuff info] replicated <fin decision=1 cmd_idx=0 cmd_height=10 cmd=5db43ae74c blk=7d439c4bb8>
2021-01-19 16:46:19.422487 [hotstuff info] replicated <fin decision=1 cmd_idx=1 cmd_height=10 cmd=31dba5fca7 blk=7d439c4bb8>
2021-01-19 16:46:19.422530 [hotstuff info] replicated <fin decision=1 cmd_idx=2 cmd_height=10 cmd=90d3cc4af3 blk=7d439c4bb8>
2021-01-19 16:46:19.422586 [hotstuff proto] now state: <hotstuff hqc=988cf10385 hqc.height=12 b_lock=ff9abf1ad5 b_exec=7d439c4bb8 vheight=13 tails=1>
2021-01-19 16:46:19.425634 [hotstuff proto] got <proposal rid=0 blk=dfe4d39cd1>
2021-01-19 16:46:19.425676 [hotstuff proto] Passed acceptable fairness check!
2021-01-19 16:46:19.425706 [hotstuff proto] The command being erased is 547c34decb
2021-01-19 16:46:19.425734 [hotstuff proto] The command being erased is 04164f6252
2021-01-19 16:46:19.425762 [hotstuff proto] The command being erased is be84dc21f3
2021-01-19 16:46:19.425832 [hotstuff proto] commit <block id=ff9abf1ad5 height=11 parent=7d439c4bb8 qc_ref=7d439c4bb8>
2021-01-19 16:46:19.425905 [hotstuff info] replicated <fin decision=1 cmd_idx=0 cmd_height=11 cmd=5eab1e29e4 blk=ff9abf1ad5>
2021-01-19 16:46:19.425980 [hotstuff info] replicated <fin decision=1 cmd_idx=1 cmd_height=11 cmd=3786b5685d blk=ff9abf1ad5>
2021-01-19 16:46:19.426021 [hotstuff info] replicated <fin decision=1 cmd_idx=2 cmd_height=11 cmd=f976b84a67 blk=ff9abf1ad5>
2021-01-19 16:46:19.426084 [hotstuff proto] now state: <hotstuff hqc=93c0e9c591 hqc.height=13 b_lock=988cf10385 b_exec=ff9abf1ad5 vheight=14 tails=1>
2021-01-19 16:46:19.431916 [hotstuff proto] got <proposal rid=0 blk=659d74a5f4>
2021-01-19 16:46:19.431968 [hotstuff proto] Passed acceptable fairness check!
2021-01-19 16:46:19.431999 [hotstuff proto] The command being erased is 25ab3aa916
2021-01-19 16:46:19.432029 [hotstuff proto] The command being erased is 2544f2559d
2021-01-19 16:46:19.432056 [hotstuff proto] The command being erased is 0dd443f367
2021-01-19 16:46:19.432128 [hotstuff proto] commit <block id=988cf10385 height=12 parent=ff9abf1ad5 qc_ref=ff9abf1ad5>
2021-01-19 16:46:19.432168 [hotstuff info] replicated <fin decision=1 cmd_idx=0 cmd_height=12 cmd=c59a297409 blk=988cf10385>
2021-01-19 16:46:19.432490 [hotstuff info] replicated <fin decision=1 cmd_idx=1 cmd_height=12 cmd=c854c8f56f blk=988cf10385>
2021-01-19 16:46:19.432532 [hotstuff info] replicated <fin decision=1 cmd_idx=2 cmd_height=12 cmd=e1eb586829 blk=988cf10385>
2021-01-19 16:46:19.432587 [hotstuff proto] now state: <hotstuff hqc=dfe4d39cd1 hqc.height=14 b_lock=93c0e9c591 b_exec=988cf10385 vheight=15 tails=1>
2021-01-19 16:46:19.435821 [hotstuff proto] got <proposal rid=0 blk=db728058a9>
2021-01-19 16:46:19.435869 [hotstuff proto] Passed acceptable fairness check!
2021-01-19 16:46:19.435900 [hotstuff proto] The command being erased is 7067b4ef8a
2021-01-19 16:46:19.435928 [hotstuff proto] The command being erased is 4d93be036c
2021-01-19 16:46:19.435956 [hotstuff proto] The command being erased is 42f0c08faf
2021-01-19 16:46:19.436024 [hotstuff proto] commit <block id=93c0e9c591 height=13 parent=988cf10385 qc_ref=988cf10385>
2021-01-19 16:46:19.436064 [hotstuff info] replicated <fin decision=1 cmd_idx=0 cmd_height=13 cmd=7c2f21ce5c blk=93c0e9c591>
2021-01-19 16:46:19.436265 [hotstuff info] replicated <fin decision=1 cmd_idx=1 cmd_height=13 cmd=bb2f4bcd51 blk=93c0e9c591>
2021-01-19 16:46:19.436307 [hotstuff info] replicated <fin decision=1 cmd_idx=2 cmd_height=13 cmd=66ee151dbf blk=93c0e9c591>
2021-01-19 16:46:19.436361 [hotstuff proto] now state: <hotstuff hqc=659d74a5f4 hqc.height=15 b_lock=dfe4d39cd1 b_exec=93c0e9c591 vheight=16 tails=1>
2021-01-19 16:46:24.316051 [hotstuff info] ===== begin stats =====
2021-01-19 16:46:24.316112 [hotstuff info] -------- queues -------
2021-01-19 16:46:24.316125 [hotstuff info] blk_fetch_waiting: 0
2021-01-19 16:46:24.316134 [hotstuff info] blk_delivery_waiting: 0
2021-01-19 16:46:24.316141 [hotstuff info] decision_waiting: 11
2021-01-19 16:46:24.316148 [hotstuff info] -------- misc ---------
2021-01-19 16:46:24.316156 [hotstuff info] fetched: 0
2021-01-19 16:46:24.316163 [hotstuff info] delivered: 16
2021-01-19 16:46:24.316170 [hotstuff info] cmd_cache: 0
2021-01-19 16:46:24.316177 [hotstuff info] blk_cache: 17
2021-01-19 16:46:24.316184 [hotstuff info] ------ misc (10s) -----
2021-01-19 16:46:24.316191 [hotstuff info] fetched: 0
2021-01-19 16:46:24.316198 [hotstuff info] delivered: 16
2021-01-19 16:46:24.316205 [hotstuff info] decided: 39
2021-01-19 16:46:24.316212 [hotstuff info] gened: 0
2021-01-19 16:46:24.316219 [hotstuff info] avg. parent_size: 1.000
2021-01-19 16:46:24.316230 [hotstuff info] delivery time: 0.001 avg, 0.000 min, 0.002 max
2021-01-19 16:46:24.316240 [hotstuff info] --- replica msg. (10s) ---
2021-01-19 16:46:24.316545 [hotstuff info] 542865a568: 19(2093), 19(5869), 0
2021-01-19 16:46:24.316632 [hotstuff info] c261250345: 3(13), 3(13), 0
2021-01-19 16:46:24.316702 [hotstuff info] 6540a0fea6: 3(13), 3(13), 0
2021-01-19 16:46:24.316718 [hotstuff info] sent: 25
2021-01-19 16:46:24.316732 [hotstuff info] recv: 25
2021-01-19 16:46:24.316746 [hotstuff info] --- replica msg. total ---
2021-01-19 16:46:24.316759 [hotstuff info] sent: 25
2021-01-19 16:46:24.316807 [hotstuff info] recv: 25
2021-01-19 16:46:24.316821 [hotstuff info] ====== end stats ======
2021-01-19 16:46:24.316836 [hotstuff info] --- client msg. (10s) ---
2021-01-19 16:46:24.316854 [hotstuff info] <NetAddr 127.0.0.1:57533>: 39(2925), 50(400)
2021-01-19 16:46:24.316867 [hotstuff info] --- end client msg. ---
2021-01-19 16:46:24.316880 [hotstuff info] --- writing command_timestamp_storage into a file. ---
